+++ P9 START +++++++++++++++++++++++++++++++++++++++++
+++ P9_OUTPUT >>> CREATED AN IMAGE_PROC OBJECT
+++ P9_OUTPUT >>> IMAGE FILE IS image_num.txt WITH SIZE OF 20 X 20
+++ P9_OUTPUT >>> FILTER FILE IS filter_num.txt WITH SIZE OF 3 X 3
+++ P9 END +++++++++++++++++++++++++++++++++++++++++++
+++ P9 START +++++++++++++++++++++++++++++++++++++++++
+++ P9_OUTPUT >>> IMAGE IS:
0 0 0 0 0 0 1 1 1 0 0 0 0 0 0 0 0 0 0 0 
0 1 1 1 0 0 1 0 1 0 0 0 0 0 0 0 0 0 0 0 
0 1 0 1 0 0 1 1 1 0 0 1 1 1 0 0 0 0 0 0 
0 1 1 1 0 0 0 0 0 0 0 1 0 1 0 0 0 0 0 0 
0 0 0 0 0 0 0 0 0 0 0 1 1 1 0 0 0 0 0 0 
0 0 0 0 0 0 0 0 0 0 0 0 0 0 0 0 0 0 0 0 
0 0 0 1 1 1 0 0 0 0 0 0 0 0 0 0 0 0 0 0 
0 0 0 1 0 1 0 0 0 0 0 0 0 1 1 1 0 0 0 0 
0 0 0 1 1 1 0 0 0 0 0 0 0 1 0 0 0 0 0 0 
0 0 0 0 0 0 0 0 0 0 0 0 0 1 1 1 0 0 0 0 
0 0 0 0 0 0 0 0 0 0 0 1 1 1 1 1 1 1 1 0 
0 0 1 0 0 0 0 0 0 0 0 0 0 0 1 0 1 0 1 0 
0 0 1 0 0 0 0 0 0 0 0 0 0 0 1 1 1 1 1 0 
0 0 1 1 1 1 0 0 0 0 0 0 0 0 1 0 0 0 0 0 
0 0 1 1 0 1 0 0 0 0 0 0 0 0 0 0 0 0 0 0 
0 0 1 1 1 1 0 0 0 0 0 0 0 0 1 1 1 1 0 0 
0 0 0 0 0 0 0 0 0 0 0 0 0 0 0 1 1 1 0 0 
0 0 0 0 0 0 0 0 0 0 0 0 0 0 0 1 1 1 0 0 
0 0 0 0 0 0 0 0 0 0 0 0 0 0 0 0 0 0 0 0 
0 0 0 0 0 0 0 0 0 1 1 1 0 0 0 0 0 0 0 0 
+++ P9_OUTPUT >>> FILTER IS:
1 1 1 
1 0 1 
1 1 1 
+++ P9 END +++++++++++++++++++++++++++++++++++++++++++
+++ P9 START +++++++++++++++++++++++++++++++++++++++++
+++ P9_OUTPUT >>> THERE ARE 7 MATCHES OF FILTER IN IMAGE.
+++ P9 END +++++++++++++++++++++++++++++++++++++++++++
